28.9150
29.5741
25.8673
26.1021
27.9627
25.4525
28.4807
26.8670
27.5511
28.3134
25.9692
27.5307
30.7054
31.1759
29.7309
29.4242
26.0499
26.0598
23.8989
28.9169
26.6939
31.0138
25.3725
28.1283
28.0172
29.9336
27.1126
28.0762
27.0574
27.6868
28.8071
30.4837
28.3340
30.8759
24.2883
26.7738
27.7681
29.8289
26.9510
25.3866
29.0616
27.0041
26.2953
23.6464
29.2104
25.9891
31.2279
27.6122
27.5971
23.9824
30.4480
27.6103
25.6743
29.3138
28.8555
26.7391
26.6022
27.7485
27.3626
27.6187
29.7807
27.5936
25.7173
33.3997
28.5445
26.4653
30.0671
28.5336
27.8359
0.8776
0.8479
0.8586
0.8493
0.8765
0.8893
0.9153
0.7249
0.8704
0.8803
0.8265
0.8551
0.8905
0.8947
0.8746
0.8857
0.8360
0.8558
0.8378
0.8750
0.8900
0.9056
0.8586
0.8658
0.8762
0.8691
0.8513
0.8536
0.8702
0.8934
0.9085
0.9149
0.8675
0.9283
0.8779
0.8499
0.8532
0.8537
0.8546
0.8118
0.8699
0.8828
0.8155
0.8121
0.8525
0.8545
0.8878
0.8846
0.9053
0.8585
0.8961
0.8272
0.8460
0.8867
0.8651
0.8876
0.8547
0.8698
0.8552
0.8510
0.8658
0.8542
0.8325
0.9305
0.8656
0.8450
0.8725
0.8909
0.8661
